   0.00000000    
   0.00000000    
   4.92574461E-03
   9.80297010E-03
   1.94396675E-02
   2.89861709E-02
   4.31085080E-02
   5.71066737E-02
   7.54800886E-02
   9.37038884E-02
  0.116085865    
  0.138302058    
  0.164443374    
  0.190412715    
  0.220058680    
  0.249537110    
  0.282428771    
  0.315168560    
  0.351043910    
  0.386794716    
  0.425389826    
  0.463899851    
  0.504949987    
  0.545966983    
  0.589207649    
  0.632479966    
  0.677647948    
  0.722925425    
  0.769759834    
  0.816794693    
  0.865037918    
  0.913585663    
  0.962984204    
   1.01280439    
   1.06310976    
   1.11396694    
   1.16493642    
   1.21660054    
   1.26799798    
   1.32024527    
   1.37184179    
   1.42445529    
   1.47602975    
   1.52879989    
   1.58013988    
   1.63286495    
   1.68376684    
   1.73625350    
   1.78652322    
   1.83858681    
   1.88804018    
   1.93950498    
   1.98796821    
   2.03866816    
   2.08597779    
   2.13575625    
   2.18176007    
   2.23046994    
   2.27502680    
   2.32253122    
   2.36551094    
   2.41168284    
   2.45296693    
   2.49768949    
   2.53717065    
   2.58033729    
   2.61791992    
   2.65943384    
   2.69503355    
   2.73480797    
   2.76835203    
   2.80631018    
   2.83773708    
   2.87381172    
   2.90307117    
   2.93720460    
   2.96425724    
   2.99640131    
   3.02121830    
   3.05133390    
   3.07389736    
   3.10195398    
   3.12225604    
   3.14823198    
   3.16627455    
   3.19015622    
   3.20595098    
   3.22773290    
   3.24130058    
   3.26098466    
   3.27235484    
   3.28995037    
   3.29916096    
   3.31468391    
   3.32178116    
   3.33525395    
   3.34029150    
   3.35174251    
   3.35478115    
   3.36424446    
   3.36535144    
   3.37286663    
   3.37211561    
   3.37772679    
   3.37519670    
   3.37895298    
   3.37472796    
   3.37668204    
   3.37085128    
   3.37105942    
   3.36371613    
   3.36223793    
   3.35347891    
   3.35037708    
   3.34030223    
   3.33564162    
   3.32435369    
   3.31820154    
   3.30580544    
   3.29823065    
   3.28483272    
   3.27590585    
   3.26161361    
   3.25140619    
   3.23632812    
   3.22491217    
   3.20915699    
   3.19660544    
   3.18028164    
   3.16666722    
   3.14988256    
   3.13527822    
   3.11813951    
   3.10261798    
   3.08523035    
   3.06886363    
   3.05133057    
   3.03418970    
   3.01661229    
   2.99876785    
   2.98124456    
   2.96276569    
   2.94539189    
   2.92634654    
   2.90921450    
   2.88966918    
   2.87286711    
   2.85288692    
   2.83649969    
   2.81614780    
   2.80025578    
   2.77959394    
   2.76427293    
   2.74336100    
   2.72868252    
   2.70757818    
   2.69360852    
   2.67236805    
   2.65916848    
   2.63784599    
   2.62547278    
   2.60412049    
   2.59262419    
   2.57129240    
   2.56071830    
   2.53945541    
   2.52984285    
   2.50869560    
   2.50007844    
   2.47909141    
   2.47149801    
   2.45071411    
   2.44416666    
   2.42362738    
   2.41814208    
   2.39788699    
   2.39347458    
   2.37354183    
   2.37020683    
   2.35063314    
   2.34837461    
   2.32919526    
   2.32800651    
   2.30925536    
   2.30912399    
   2.29083371    
   2.29174185    
   2.27394390    
   2.27586842    
   2.25859332    
   2.26150537    
   2.24478292    
   2.24864888    
   2.23250771    
   2.23728871    
   2.22175670    
   2.22740936    
   2.21251392    
   2.21899009    
   2.20475793    
   2.21200514    
   2.19846225    
   2.20642400    
   2.19359589    
   2.20221186    
   2.19012356    
   2.19932961    
   2.18800616    
   2.19773483    
   2.18720055    
   2.19738126    
   2.18766022    
   2.19821978    
   2.18933582    
   2.20019841    
   2.19217491    
   2.20326281    
   2.19612265    
   2.20735621    
   2.20112205    
   2.21242023    
   2.20711446    
   2.21839476    
   2.21403956    
   2.22521877    
   2.22183537    
   2.23283005    
   2.23043942    
   2.24116588    
   2.23978829    
   2.25016308    
   2.24981809    
   2.25975847    
   2.26046491    
   2.26988888    
   2.27166462    
   2.28049183    
   2.28335357    
   2.29150534    
   2.29546857    
   2.30286813    
   2.30794716    
   2.31452036    
   2.32072783    
   2.32640314    
   2.33375025    
   2.33845949    
   2.34695554    
   2.35063386    
   2.36028600    
   2.36287236    
   2.37368584    
   2.37512350    
   2.38710070    
   2.38733745    
   2.40047860    
   2.39946699    
   2.41376948    
   2.41146708    
   2.42692542    
   2.42329502    
   2.43990040    
   2.43491077    
   2.45265126    
   2.44627690    
   2.46513677    
   2.45735836    
   2.47731853    
   2.46812320    
   2.48916030    
   2.47854185    
   2.50062871    
   2.48858762    
   2.51169276    
   2.49823642    
   2.52232409    
   2.50746703    
   2.53249693    
   2.51626086    
   2.54218817    
   2.52460194    
   2.55137682    
   2.53247714    
   2.56004500    
   2.53987575    
   2.56817722    
   2.54678941    
   2.57576013    
   2.55321264    
   2.58278298    
   2.55914211    
   2.58923745    
   2.56457686    
   2.59511757    
   2.56951809    
   2.60041976    
   2.57396913    
   2.60514212    
   2.57793546    
   2.60928535    
   2.58142424    
   2.61285186    
   2.58444476    
   2.61584616    
   2.58700776    
   2.61827445    
   2.58912563    
   2.62014484    
   2.59081221    
   2.62146735    
   2.59208250    
   2.62225318    
   2.59295297    
   2.62251520    
   2.59344125    
   2.62226748    
   2.59356570    
   2.62152576    
   2.59334564    
   2.62030673    
   2.59280086    
   2.61862826    
   2.59195209    
   2.61650920    
   2.59082007    
   2.61396956    
   2.58942652    
   2.61102962    
   2.58779287    
   2.60771108    
   2.58594084    
   2.60403562    
   2.58389187    
   2.60002613    
   2.58166790    
   2.59570551    
   2.57928991    
   2.59109712    
   2.57677913    
   2.58622479    
   2.57415628    
   2.58111238    
   2.57144117    
   2.57578421    
   2.56865335    
   2.57026434    
   2.56581187    
   2.56457710    
   2.56293464    
   2.55874658    
   2.56003881    
   2.55279684    
   2.55714083    
   2.54675198    
   2.55425596    
   2.54063535    
   2.55139875    
   2.53447056    
   2.54858255    
   2.52828050    
   2.54581976    
   2.52208781    
   2.54312134    
   2.51591468    
   2.54049730    
   2.50978303    
   2.53795648    
   2.50371385    
   2.53550673    
   2.49772763    
   2.53315449    
   2.49184465    
   2.53090477    
   2.48608446    
   2.52876186    
   2.48046541    
   2.52672863    
   2.47500587    
   2.52480698    
   2.46972322    
   2.52299738    
   2.46463418    
   2.52129936    
   2.45975447    
   2.51971126    
   2.45509934    
   2.51823068    
   2.45068288    
   2.51685381    
   2.44651890    
   2.51557612    
   2.44261980    
   2.51439190    
   2.43899775    
   2.51329517    
   2.43566346    
   2.51227856    
   2.43262720    
   2.51133418    
   2.42989826    
   2.51045370    
   2.42748499    
   2.50962806    
   2.42539477    
   2.50884748    
   2.42363405    
   2.50810194    
   2.42220879    
   2.50738096    
   2.42112350    
   2.50667381    
   2.42038202    
   2.50596976    
   2.41998720    
   2.50525761    
   2.41994095    
   2.50452614    
   2.42024398    
   2.50376439    
   2.42089653    
   2.50296164    
   2.42189765    
   2.50210690    
   2.42324543    
   2.50118995    
   2.42493677    
   2.50020051    
   2.42696810    
   2.49912906    
   2.42933440    
   2.49796629    
   2.43202972    
   2.49670386    
   2.43504763    
   2.49533391    
   2.43838000    
   2.49384928    
   2.44201827    
   2.49224377    
   2.44595265    
   2.49051189    
   2.45017266    
   2.48864913    
   2.45466638    
   2.48665214    
   2.45942140    
   2.48451829    
   2.46442389    
   2.48224640    
   2.46965957    
   2.47983599    
   2.47511315    
   2.47728801    
   2.48076820    
   2.47460485    
   2.48660755    
   2.47178960    
   2.49261308    
   2.46884704    
   2.49876571    
   2.46578288    
   2.50504589    
   2.46260452    
   2.51143312    
   2.45932007    
   2.51790595    
   2.45593953    
   2.52444243    
   2.45247388    
   2.53101969    
   2.44893503    
   2.53761435    
   2.44533682    
   2.54420257    
   2.44169378    
   2.55075979    
   2.43802166    
   2.55726075    
   2.43433738    
   2.56367993    
   2.43065882    
   2.56999159    
   2.42700529    
   2.57616949    
   2.42339659    
   2.58218694    
   2.41985369    
   2.58801746    
   2.41639805    
   2.59363413    
   2.41305208    
   2.59900999    
   2.40983891    
   2.60411835    
   2.40678215    
   2.60893250    
   2.40390563    
   2.61342597    
   2.40123367    
   2.61757278    
   2.39879107    
   2.62134695    
   2.39660215    
   2.62472320    
   2.39469194    
   2.62767696    
   2.39308476    
   2.63018441    
   2.39180493    
   2.63222241    
   2.39087629    
   2.63376856    
   2.39032245    
   2.63480186    
   2.39016581    
   2.63530207    
   2.39042854    
   2.63525057    
   2.39113164    
   2.63462996    
   2.39229512    
   2.63342428    
   2.39393759    
   2.63161922    
   2.39607644    
   2.62920213    
   2.39872766    
   2.62616229    
   2.40190554    
   2.62249064    
   2.40562272    
   2.61818027    
   2.40988994    
   2.61322641    
   2.41471577    
   2.60762668    
   2.42010665    
   2.60138083    
   2.42606688    
   2.59449100    
   2.43259859    
   2.58696198    
   2.43970084    
   2.57880116    
   2.44737077    
   2.57001829    
   2.45560265    
   2.56062603    
   2.46438766    
   2.55063987    
   2.47371459    
   2.54007792    
   2.48356915    
   2.52896166    
   2.49393415    
   2.51731491    
   2.50478935    
   2.50516462    
   2.51611137    
   2.49254084    
   2.52787375    
   2.47947645    
   2.54004741    
   2.46600723    
   2.55259967    
   2.45217180    
   2.56549478    
   2.43801188    
   2.57869434    
   2.42357206    
   2.59215665    
   2.40889931    
   2.60583735    
   2.39404368    
   2.61968899    
   2.37905788    
   2.63366127    
   2.36399698    
   2.64770126    
   2.34891844    
   2.66175365    
   2.33388209    
   2.67576051    
   2.31894994    
   2.68966150    
   2.30418611    
   2.70339441    
   2.28965616    
   2.71689487    
   2.27542758    
   2.73009706    
   2.26156926    
   2.74293303    
   2.24815106    
   2.75533414    
   2.23524427    
   2.76723003    
   2.22292066    
   2.77855015    
