   0.00000000    
   2.46287230E-02
   4.90148515E-02
   7.25696161E-02
   9.59160030E-02
  0.118344188    
  0.140602514    
  0.161857918    
  0.182986066    
  0.203028873    
  0.222990841    
  0.241787523    
  0.260553300    
  0.278076530    
  0.295621991    
  0.311850488    
  0.328157216    
  0.343075633    
  0.358130813    
  0.371729523    
  0.385525733    
  0.397800684    
  0.410335720    
  0.421288252    
  0.432564855    
  0.442201495    
  0.452227205    
  0.460559458    
  0.469346315    
  0.476390421    
  0.483954817    
  0.489731461    
  0.496093839    
  0.500627995    
  0.505812645    
  0.509133279    
  0.513167977    
  0.515307844    
  0.518223643    
  0.519218922    
  0.521049976    
  0.520940065    
  0.521723270    
  0.520550549    
  0.520325243    
  0.518134713    
  0.516942561    
  0.513781667    
  0.511666238    
  0.507584572    
  0.504591107    
  0.499640137    
  0.495815396    
  0.490048170    
  0.485440105    
  0.478911012    
  0.473568529    
  0.466333061    
  0.460305810    
  0.452420294    
  0.445758373    
  0.437279731    
  0.430033535    
  0.421019047    
  0.413238972    
  0.403746068    
  0.395482391    
  0.385568380    
  0.376870990    
  0.366592884    
  0.357511103    
  0.346925408    
  0.337507874    
  0.326670349    
  0.316964835    
  0.305930316    
  0.295983523    
  0.284805834    
  0.274663270    
  0.263394922    
  0.253100783    
  0.241792947    
  0.231389984    
  0.220092222    
  0.209621653    
  0.198381856    
  0.187883258    
  0.176747501    
  0.166258693    
  0.155271143    
  0.144828156    
  0.134030923    
  0.123667911    
  0.113100991    
  0.102850191    
   9.25513580E-02
   8.24430585E-02
   7.24477991E-02
   6.25102967E-02
   5.28517589E-02
   4.31113392E-02
   3.38202752E-02
   2.43011918E-02
   1.54059082E-02
   6.13041781E-03
  -2.34324671E-03
  -1.13549158E-02
  -1.93836074E-02
  -2.81132143E-02
  -3.56761031E-02
  -4.41073626E-02
  -5.11861369E-02
  -5.93046807E-02
  -6.58835247E-02
  -7.36768842E-02
  -7.97424987E-02
  -8.72000158E-02
  -9.27415714E-02
  -9.98543873E-02
 -0.104863510    
 -0.111624464    
 -0.116095185    
 -0.122498773    
 -0.126427501    
 -0.132469803    
 -0.135855272    
 -0.141533837    
 -0.144377053    
 -0.149690866    
 -0.151995063    
 -0.156944409    
 -0.158714935    
 -0.163301378    
 -0.164545670    
 -0.168771923    
 -0.169499397    
 -0.173369229    
 -0.173591241    
 -0.177109376    
 -0.176839113    
 -0.180011168    
 -0.179263562    
 -0.182095945    
 -0.180887565    
 -0.183387369    
 -0.181736365    
 -0.183911294    
 -0.181837261    
 -0.183695540    
 -0.181219429    
 -0.182769716    
 -0.179913759    
 -0.181165040    
 -0.177952617    
 -0.178914160    
 -0.175369695    
 -0.176050931    
 -0.172199830    
 -0.172610298    
 -0.168478787    
 -0.168628067    
 -0.164243117    
 -0.164140761    
 -0.159529969    
 -0.159185410    
 -0.154376924    
 -0.153799444    
 -0.148821801    
 -0.148020491    
 -0.142902553    
 -0.141886219    
 -0.136657059    
 -0.135434225    
 -0.130123019    
 -0.128701851    
 -0.123337790    
 -0.121726081    
 -0.116338238    
 -0.114543393    
 -0.109160639    
 -0.107189633    
 -0.101840548    
  -9.96999145E-02
  -9.44126770E-02
  -9.21085179E-02
  -8.69108140E-02
  -8.44487622E-02
  -7.93676972E-02
  -7.67529309E-02
  -7.18149543E-02
  -6.90521970E-02
  -6.42829761E-02
  -6.13765381E-02
  -5.68008907E-02
  -5.37546575E-02
  -4.93964814E-02
  -4.62139323E-02
  -4.20961119E-02
  -3.87803689E-02
  -3.49247009E-02
  -3.14785391E-02
  -2.79056616E-02
  -2.43315604E-02
  -2.10608784E-02
  -1.73610449E-02
  -1.44106746E-02
  -1.05870906E-02
  -7.97378086E-03
  -4.02826397E-03
  -1.76734896E-03
   2.29841750E-03
   4.19308897E-03
   8.37748870E-03
   9.89359431E-03
   1.41950268E-02
   1.53218247E-02
   1.97386555E-02
   2.04670206E-02
   2.49975193E-02
   2.53199954E-02
   2.99622789E-02
   2.98730992E-02
   3.46250646E-02
   3.41202021E-02
   3.89794633E-02
   3.80566493E-02
   4.30204868E-02
   4.16792296E-02
   4.67445292E-02
   4.49861325E-02
   5.01493178E-02
   4.79768962E-02
   5.32338805E-02
   5.06523699E-02
   5.59984855E-02
   5.30146509E-02
   5.84446080E-02
   5.50670289E-02
   6.05748557E-02
   5.68139292E-02
   6.23929240E-02
   5.82608469E-02
   6.39035478E-02
   5.94142973E-02
   6.51124194E-02
   6.02817386E-02
   6.60261437E-02
   6.08715042E-02
   6.66521713E-02
   6.11927398E-02
   6.69987425E-02
   6.12553433E-02
   6.70748129E-02
   6.10698834E-02
   6.68900013E-02
   6.06475323E-02
   6.64545298E-02
   6.00000098E-02
   6.57791346E-02
   5.91395050E-02
   6.48750439E-02
   5.80786020E-02
   6.37538955E-02
   5.68302311E-02
   6.24276623E-02
   5.54075874E-02
   6.09086193E-02
   5.38240783E-02
   5.92092834E-02
   5.20932414E-02
   5.73423468E-02
   5.02287112E-02
   5.53206243E-02
   4.82441336E-02
   5.31569980E-02
   4.61531244E-02
   5.08643948E-02
   4.39692102E-02
   4.84556891E-02
   4.17057611E-02
   4.59436923E-02
   3.93759720E-02
   4.33411151E-02
   3.69927883E-02
   4.06605043E-02
   3.45688537E-02
   3.79142016E-02
   3.21164988E-02
   3.51143405E-02
   2.96476744E-02
   3.22727710E-02
   2.71739215E-02
   2.94010676E-02
   2.47063432E-02
   2.65104622E-02
   2.22555604E-02
   2.36118399E-02
   1.98317077E-02
   2.07157284E-02
   1.74443685E-02
   1.78322457E-02
   1.51025914E-02
   1.49711035E-02
   1.28148515E-02
   1.21415872E-02
   1.05890296E-02
   9.35253687E-03
   8.43241438E-03
   6.61234464E-03
   6.35167584E-03
   3.92893143E-03
   4.35286388E-03
   1.30974827E-03
   2.44140858E-03
  -1.23821315E-03
   6.22113817E-04
  -3.70845012E-03
  -1.10086577E-03
  -6.09493069E-03
  -2.72398372E-03
  -8.39211140E-03
  -4.24431358E-03
  -1.05949081E-02
  -5.65956021E-03
  -1.26987081E-02
  -6.96801348E-03
  -1.46993799E-02
  -8.16857070E-03
  -1.65932346E-02
  -9.26070102E-03
  -1.83770284E-02
  -1.02444403E-02
  -2.00479664E-02
  -1.11203603E-02
  -2.16036774E-02
  -1.18895704E-02
  -2.30422057E-02
  -1.25536798E-02
  -2.43620016E-02
  -1.31147802E-02
  -2.55619083E-02
  -1.35754291E-02
  -2.66411398E-02
  -1.39386058E-02
  -2.75992844E-02
  -1.42077031E-02
  -2.84362640E-02
  -1.43864872E-02
  -2.91523486E-02
  -1.44790886E-02
  -2.97481157E-02
  -1.44899422E-02
  -3.02244574E-02
  -1.44237811E-02
  -3.05825509E-02
  -1.42855998E-02
  -3.08238361E-02
  -1.40806222E-02
  -3.09500247E-02
  -1.38142733E-02
  -3.09630670E-02
  -1.34921493E-02
  -3.08651403E-02
  -1.31199686E-02
  -3.06586362E-02
  -1.27035733E-02
  -3.03461589E-02
  -1.22488588E-02
  -2.99304854E-02
  -1.17617752E-02
  -2.94145681E-02
  -1.12482812E-02
  -2.88015306E-02
  -1.07143130E-02
  -2.80946493E-02
  -1.01657659E-02
  -2.72973273E-02
  -9.60844755E-03
  -2.64131073E-02
  -9.04806517E-03
  -2.54456494E-02
  -8.49018991E-03
  -2.43987273E-02
  -7.94022996E-03
  -2.32762080E-02
  -7.40340678E-03
  -2.20820587E-02
  -6.88473927E-03
  -2.08203290E-02
  -6.38900138E-03
  -1.94951482E-02
  -5.92072029E-03
  -1.81107149E-02
  -5.48412837E-03
  -1.66713037E-02
  -5.08318003E-03
  -1.51812471E-02
  -4.72150184E-03
  -1.36449318E-02
  -4.40238742E-03
  -1.20668001E-02
  -4.12878999E-03
  -1.04513476E-02
  -3.90329957E-03
  -8.80311243E-03
  -3.72812455E-03
  -7.12666940E-03
  -3.60509753E-03
  -5.42664062E-03
  -3.53565509E-03
  -3.70768434E-03
  -3.52082541E-03
  -1.97449140E-03
  -3.56123736E-03
  -2.31785700E-04
  -3.65712331E-03
   1.51567941E-03
  -3.80827463E-03
   3.26312962E-03
  -4.01408365E-03
   5.00576105E-03
  -4.27354872E-03
   6.73875120E-03
  -4.58523910E-03
   8.45725182E-03
  -4.94733127E-03
   1.01564107E-02
  -5.35760215E-03
   1.18313553E-02
  -5.81343472E-03
   1.34772062E-02
  -6.31184876E-03
   1.50890853E-02
  -6.84948871E-03
   1.66621115E-02
  -7.42265303E-03
   1.81914177E-02
  -8.02729465E-03
   1.96721461E-02
  -8.65905639E-03
   2.10994538E-02
  -9.31327697E-03
   2.24685315E-02
  -9.98500362E-03
   2.37746034E-02
  -1.06690321E-02
   2.50129346E-02
  -1.13599151E-02
   2.61788517E-02
  -1.20519968E-02
   2.72677392E-02
  -1.27394293E-02
   2.82750539E-02
  -1.34161925E-02
   2.91963369E-02
  -1.40761407E-02
   3.00272312E-02
  -1.47130219E-02
   3.07634920E-02
  -1.53205004E-02
   3.14009972E-02
  -1.58921983E-02
   3.19357663E-02
  -1.64217204E-02
   3.23639736E-02
  -1.69026814E-02
   3.26819569E-02
  -1.73287466E-02
   3.28862593E-02
  -1.76936761E-02
   3.29736099E-02
  -1.79913230E-02
   3.29409763E-02
  -1.82156991E-02
   3.27855498E-02
  -1.83609966E-02
   3.25047933E-02
  -1.84216201E-02
   3.20964418E-02
  -1.83922257E-02
   3.15585285E-02
  -1.82677414E-02
   3.08894068E-02
  -1.80434249E-02
   3.00877485E-02
  -1.77148655E-02
   2.91526001E-02
  -1.72780436E-02
   2.80833710E-02
  -1.67293418E-02
   2.68798638E-02
  -1.60655789E-02
   2.55422816E-02
  -1.52840484E-02
   2.40712799E-02
  -1.43825430E-02
   2.24679336E-02
  -1.33593753E-02
   2.07337849E-02
  -1.22134015E-02
   1.88708659E-02
  -1.09440582E-02
   1.68816857E-02
  -9.55136865E-03
   1.47692729E-02
  -8.03598017E-03
   1.25371739E-02
  -6.39916211E-03
   1.01894485E-02
  -4.64283675E-03
   7.73071498E-03
  -2.76959082E-03
   5.16612362E-03
  -7.82687915E-04
   2.50139670E-03
   1.31394132E-03
  -2.57207546E-04
   3.51565657E-03
  -3.10284668E-03
   5.81713766E-03
  -6.02812972E-03
   8.21235962E-03
  -9.02511086E-03
   1.06946127E-02
  -1.20852794E-02
   1.32564949E-02
  -1.51995867E-02
   1.58899240E-02
  -1.83584299E-02
   1.85861513E-02
  -2.15516947E-02
   2.13357639E-02
  -2.47687306E-02
   2.41287127E-02
  -2.79984083E-02
   2.69543342E-02
  -3.12291104E-02
   2.98013650E-02
  -3.44487876E-02
   3.26579809E-02
  -3.76449265E-02
   3.55118066E-02
  -4.08046395E-02
   3.83499786E-02
  -4.39146608E-02
   4.11591530E-02
  -4.69613932E-02
   4.39255536E-02
  -4.99309339E-02
   4.66350392E-02
  -5.28091304E-02
   4.92731109E-02
  -5.55816106E-02
   5.18249907E-02
  -5.82338460E-02
   5.42756580E-02
  -6.07511699E-02
   5.66099137E-02
  -6.31188601E-02
   5.88124394E-02
  -6.53221756E-02
   6.08678497E-02
  -6.73464239E-02
   6.27607554E-02
  -6.91770017E-02
   6.44758418E-02
  -7.07994774E-02
   6.59979209E-02
  -7.21996352E-02
   6.73120171E-02
  -7.33635575E-02
   6.84034228E-02
  -7.42776841E-02
   6.92577809E-02
  -7.49288723E-02
   6.98611513E-02
  -7.53044784E-02
   7.02001080E-02
  -7.53924176E-02
   7.02617839E-02
  -7.51812607E-02
   7.00339600E-02
  -7.46602640E-02
   6.95051625E-02
  -7.38194659E-02
   6.86647072E-02
  -7.26497769E-02
   6.75028041E-02
  -7.11430162E-02
   6.60106242E-02
  -6.92919940E-02
   6.41803592E-02
  -6.70905933E-02
   6.20053187E-02
  -6.45338297E-02
   5.94799891E-02
  -6.16179183E-02
   5.66001087E-02
  -5.83403371E-02
