   0.00000000    
   2.49999994E-03
   7.44999945E-03
   1.47984996E-02
   2.44925804E-02
   3.64779793E-02
   5.06991819E-02
   6.70994818E-02
   8.56210738E-02
  0.106205136    
  0.128791898    
  0.153320715    
  0.179730162    
  0.207958102    
  0.237941757    
  0.269617796    
  0.302922368    
  0.337791234    
  0.374159783    
  0.411963165    
  0.451136321    
  0.491614074    
  0.533331156    
  0.576222241    
  0.620222211    
  0.665265918    
  0.711288571    
  0.758225501    
  0.806012392    
  0.854585350    
  0.903880835    
  0.953835785    
   1.00438774    
   1.05547488    
   1.10703588    
   1.15901017    
   1.21133792    
   1.26396012    
   1.31681848    
   1.36985576    
   1.42301548    
   1.47624218    
   1.52948129    
   1.58267939    
   1.63578403    
   1.68874395    
   1.74150884    
   1.79402971    
   1.84625864    
   1.89814901    
   1.94965529    
   2.00073338    
   2.05134010    
   2.10143399    
   2.15097475    
   2.19992328    
   2.24824166    
   2.29589391    
   2.34284472    
   2.38906074    
   2.43450952    
   2.47916031    
   2.52298355    
   2.56595111    
   2.60803652    
   2.64921427    
   2.68946028    
   2.72875214    
   2.76706886    
   2.80439043    
   2.84069848    
   2.87597609    
   2.91020727    
   2.94337797    
   2.97547507    
   3.00648689    
   3.03640294    
   3.06521416    
   3.09291267    
   3.11949205    
   3.14494705    
   3.16927338    
   3.19246817    
   3.21452975    
   3.23545766    
   3.25525260    
   3.27391601    
   3.29145098    
   3.30786133    
   3.32315207    
   3.33732915    
   3.35039949    
   3.36237121    
   3.37325311    
   3.38305497    
   3.39178753    
   3.39946222    
   3.40609169    
   3.41168904    
   3.41626835    
   3.41984439    
   3.42243266    
   3.42404938    
   3.42471123    
   3.42443585    
   3.42324138    
   3.42114639    
   3.41816998    
   3.41433191    
   3.40965247    
   3.40415239    
   3.39785266    
   3.39077473    
   3.38294053    
   3.37437224    
   3.36509228    
   3.35512352    
   3.34448910    
   3.33321214    
   3.32131624    
   3.30882502    
   3.29576230    
   3.28215218    
   3.26801848    
   3.25338531    
   3.23827672    
   3.22271705    
   3.20673013    
   3.19034028    
   3.17357159    
   3.15644789    
   3.13899302    
   3.12123084    
   3.10318494    
   3.08487868    
   3.06633544    
   3.04757810    
   3.02862954    
   3.00951242    
   2.99024892    
   2.97086120    
   2.95137095    
   2.93179965    
   2.91216850    
   2.89249825    
   2.87280917    
   2.85312128    
   2.83345437    
   2.81382775    
   2.79426026    
   2.77477026    
   2.75537586    
   2.73609447    
   2.71694326    
   2.69793916    
   2.67909813    
   2.66043591    
   2.64196777    
   2.62370872    
   2.60567284    
   2.58787394    
   2.57032537    
   2.55303979    
   2.53602958    
   2.51930666    
   2.50288224    
   2.48676682    
   2.47097087    
   2.45550418    
   2.44037580    
   2.42559457    
   2.41116858    
   2.39710546    
   2.38341236    
   2.37009597    
   2.35716248    
   2.34461761    
   2.33246660    
   2.32071400    
   2.30936384    
   2.29841995    
   2.28788567    
   2.27776361    
   2.26805615    
   2.25876498    
   2.24989176    
   2.24143720    
   2.23340178    
   2.22578573    
   2.21858859    
   2.21180964    
   2.20544767    
   2.19950104    
   2.19396782    
   2.18884587    
   2.18413234    
   2.17982435    
   2.17591834    
   2.17241049    
   2.16929698    
   2.16657329    
   2.16423488    
   2.16227651    
   2.16069317    
   2.15947914    
   2.15862870    
   2.15813589    
   2.15799427    
   2.15819740    
   2.15873837    
   2.15961027    
   2.16080618    
   2.16231847    
   2.16413975    
   2.16626215    
   2.16867805    
   2.17137933    
   2.17435789    
   2.17760563    
   2.18111396    
   2.18487453    
   2.18887877    
   2.19311810    
   2.19758368    
   2.20226693    
   2.20715880    
   2.21225071    
   2.21753359    
   2.22299862    
   2.22863674    
   2.23443913    
   2.24039674    
   2.24650073    
   2.25274229    
   2.25911260    
   2.26560259    
   2.27220368    
   2.27890730    
   2.28570461    
   2.29258704    
   2.29954624    
   2.30657363    
   2.31366086    
   2.32079983    
   2.32798219    
   2.33520031    
   2.34244609    
   2.34971166    
   2.35698938    
   2.36427188    
   2.37155175    
   2.37882185    
   2.38607502    
   2.39330411    
   2.40050268    
   2.40766382    
   2.41478133    
   2.42184877    
   2.42886019    
   2.43580961    
   2.44269109    
   2.44949913    
   2.45622826    
   2.46287346    
   2.46942949    
   2.47589135    
   2.48225474    
   2.48851490    
   2.49466753    
   2.50070858    
   2.50663424    
   2.51244068    
   2.51812434    
   2.52368188    
   2.52911019    
   2.53440619    
   2.53956723    
   2.54459047    
   2.54947376    
   2.55421472    
   2.55881143    
   2.56326199    
   2.56756473    
   2.57171822    
   2.57572103    
   2.57957220    
   2.58327055    
   2.58681536    
   2.59020591    
   2.59344196    
   2.59652305    
   2.59944916    
   2.60222006    
   2.60483623    
   2.60729766    
   2.60960507    
   2.61175919    
   2.61376047    
   2.61561012    
   2.61730886    
   2.61885810    
   2.62025905    
   2.62151313    
   2.62262177    
   2.62358689    
   2.62440991    
   2.62509298    
   2.62563801    
   2.62604690    
   2.62632203    
   2.62646556    
   2.62648010    
   2.62636781    
   2.62613130    
   2.62577319    
   2.62529612    
   2.62470269    
   2.62399578    
   2.62317848    
   2.62225342    
   2.62122369    
   2.62009239    
   2.61886239    
   2.61753702    
   2.61611915    
   2.61461210    
   2.61301923    
   2.61134338    
   2.60958815    
   2.60775661    
   2.60585213    
   2.60387802    
   2.60183764    
   2.59973407    
   2.59757066    
   2.59535098    
   2.59307814    
   2.59075522    
   2.58838582    
   2.58597302    
   2.58352017    
   2.58103037    
   2.57850671    
   2.57595253    
   2.57337093    
   2.57076502    
   2.56813788    
   2.56549239    
   2.56283188    
   2.56015897    
   2.55747676    
   2.55478787    
   2.55209541    
   2.54940200    
   2.54671025    
   2.54402304    
   2.54134297    
   2.53867245    
   2.53601384    
   2.53336978    
   2.53074265    
   2.52813458    
   2.52554798    
   2.52298498    
   2.52044773    
   2.51793814    
   2.51545835    
   2.51301026    
   2.51059556    
   2.50821614    
   2.50587392    
   2.50357032    
   2.50130677    
   2.49908495    
   2.49690628    
   2.49477220    
   2.49268389    
   2.49064255    
   2.48864937    
   2.48670530    
   2.48481154    
   2.48296881    
   2.48117828    
   2.47944045    
   2.47775626    
   2.47612643    
   2.47455144    
   2.47303176    
   2.47156787    
   2.47016025    
   2.46880913    
   2.46751499    
   2.46627784    
   2.46509790    
   2.46397543    
   2.46291018    
   2.46190238    
   2.46095181    
   2.46005821    
   2.45922160    
   2.45844173    
   2.45771813    
   2.45705056    
   2.45643878    
   2.45588207    
   2.45537996    
   2.45493221    
   2.45453787    
   2.45419645    
   2.45390749    
   2.45367002    
   2.45348334    
   2.45334673    
   2.45325947    
   2.45322061    
   2.45322919    
   2.45328450    
   2.45338535    
   2.45353103    
   2.45372033    
   2.45395231    
   2.45422602    
   2.45454025    
   2.45489383    
   2.45528579    
   2.45571518    
   2.45618057    
   2.45668101    
   2.45721531    
   2.45778227    
   2.45838070    
   2.45900917    
   2.45966673    
   2.46035218    
   2.46106434    
   2.46180177    
   2.46256351    
   2.46334815    
   2.46415448    
   2.46498132    
   2.46582747    
   2.46669173    
   2.46757293    
   2.46846986    
   2.46938133    
   2.47030592    
   2.47124267    
   2.47219038    
   2.47314787    
   2.47411418    
   2.47508788    
   2.47606802    
   2.47705340    
   2.47804308    
   2.47903585    
   2.48003078    
   2.48102689    
   2.48202300    
   2.48301816    
   2.48401141    
   2.48500180    
   2.48598838    
   2.48697019    
   2.48794627    
   2.48891592    
   2.48987818    
   2.49083233    
   2.49177742    
   2.49271297    
   2.49363804    
   2.49455166    
   2.49545360    
   2.49634290    
   2.49721885    
   2.49808097    
   2.49892855    
   2.49976110    
   2.50057817    
   2.50137901    
   2.50216341    
   2.50293064    
   2.50368047    
   2.50441241    
   2.50512600    
   2.50582075    
   2.50649667    
   2.50715327    
   2.50779009    
   2.50840712    
   2.50900388    
   2.50958037    
   2.51013637    
   2.51067162    
   2.51118612    
   2.51167965    
   2.51215196    
   2.51260328    
   2.51303339    
   2.51344228    
   2.51382995    
   2.51419640    
   2.51454163    
   2.51486588    
   2.51516914    
   2.51545143    
   2.51571298    
   2.51595378    
   2.51617408    
   2.51637387    
   2.51655364    
   2.51671338    
   2.51685333    
   2.51697373    
   2.51707506    
   2.51715732    
   2.51722074    
   2.51726580    
   2.51729274    
   2.51730180    
   2.51729345    
   2.51726794    
   2.51722574    
   2.51716709    
   2.51709247    
   2.51700211    
   2.51689649    
   2.51677585    
   2.51664090    
   2.51649189    
   2.51632905    
   2.51615310    
   2.51596427    
   2.51576304    
   2.51554990    
   2.51532531    
   2.51508951    
   2.51484323    
   2.51458669    
   2.51432061    
   2.51404524    
   2.51376104    
   2.51346850    
   2.51316786    
   2.51285982    
   2.51254487    
   2.51222324    
   2.51189566    
   2.51156235    
   2.51122379    
   2.51088047    
   2.51053286    
   2.51018119    
   2.50982594    
   2.50946760    
   2.50910664    
   2.50874352    
   2.50837851    
   2.50801206    
   2.50764465    
   2.50727654    
   2.50690818    
   2.50653982    
   2.50617194    
   2.50580478    
   2.50543880    
   2.50507450    
   2.50471187    
   2.50435162    
   2.50399375    
   2.50363874    
   2.50328684    
   2.50293827    
   2.50259352    
   2.50225258    
   2.50191593    
   2.50158381    
   2.50125647    
   2.50093389    
   2.50061655    
   2.50030470    
   2.49999833    
   2.49969792    
   2.49940348    
   2.49911523    
   2.49883342    
   2.49855804    
   2.49828935    
   2.49802756    
   2.49777269    
   2.49752474    
   2.49728417    
   2.49705076    
   2.49682474    
   2.49660611    
   2.49639511    
   2.49619174    
   2.49599600    
   2.49580812    
   2.49562788    
