   2.49999985E-02
   4.94999960E-02
   7.34849945E-02
   9.69407931E-02
  0.119853996    
  0.142212003    
  0.164002985    
  0.185215920    
  0.205840617    
  0.225867599    
  0.245288193    
  0.264094502    
  0.282279402    
  0.299836546    
  0.316760242    
  0.333045632    
  0.348688543    
  0.363685548    
  0.378033936    
  0.391731679    
  0.404777437    
  0.417170554    
  0.428911030    
  0.439999521    
  0.450437337    
  0.460226387    
  0.469369233    
  0.477868974    
  0.485729367    
  0.492954671    
  0.499549747    
  0.505519927    
  0.510871172    
  0.515609860    
  0.519742906    
  0.523277640    
  0.526221931    
  0.528584063    
  0.530372798    
  0.531597197    
  0.532266676    
  0.532391191    
  0.531980932    
  0.531046510    
  0.529598773    
  0.527648926    
  0.525208533    
  0.522289276    
  0.518903196    
  0.515062511    
  0.510779798    
  0.506067634    
  0.500938952    
  0.495406777    
  0.489484310    
  0.483184904    
  0.476521969    
  0.469509125    
  0.462160021    
  0.454488397    
  0.446508020    
  0.438232780    
  0.429676533    
  0.420853168    
  0.411776602    
  0.402460724    
  0.392919362    
  0.383166403    
  0.373215586    
  0.363080591    
  0.352775097    
  0.342312634    
  0.331706643    
  0.320970446    
  0.310117275    
  0.299160182    
  0.288112104    
  0.276985824    
  0.265793979    
  0.254548997    
  0.243263096    
  0.231948376    
  0.220616668    
  0.209279656    
  0.197948784    
  0.186635226    
  0.175350010    
  0.164103836    
  0.152907252    
  0.141770512    
  0.130703583    
  0.119716220    
  0.108817905    
   9.80178341E-02
   8.73249471E-02
   7.67478943E-02
   6.62950650E-02
   5.59745431E-02
   4.57941331E-02
   3.57613601E-02
   2.58834511E-02
   1.61673371E-02
   6.61966205E-03
  -2.75322422E-03
  -1.19452737E-02
  -2.09507272E-02
  -2.97641233E-02
  -3.83803025E-02
  -4.67943996E-02
  -5.50018325E-02
  -6.29983172E-02
  -7.07798824E-02
  -7.83428177E-02
  -8.56837109E-02
  -9.27994475E-02
  -9.96871814E-02
 -0.106344365    
 -0.112768717    
 -0.118958242    
 -0.124911197    
 -0.130626142    
 -0.136101872    
 -0.141337454    
 -0.146332234    
 -0.151085764    
 -0.155597895    
 -0.159868717    
 -0.163898528    
 -0.167687863    
 -0.171237499    
 -0.174548477    
 -0.177621990    
 -0.180459470    
 -0.183062583    
 -0.185433179    
 -0.187573314    
 -0.189485222    
 -0.191171288    
 -0.192634165    
 -0.193876594    
 -0.194901556    
 -0.195712149    
 -0.196311623    
 -0.196703374    
 -0.196890980    
 -0.196878165    
 -0.196668684    
 -0.196266532    
 -0.195675761    
 -0.194900542    
 -0.193945140    
 -0.192813933    
 -0.191511422    
 -0.190042138    
 -0.188410729    
 -0.186621904    
 -0.184680462    
 -0.182591200    
 -0.180359036    
 -0.177988946    
 -0.175485909    
 -0.172854930    
 -0.170101076    
 -0.167229444    
 -0.164245158    
 -0.161153316    
 -0.157959074    
 -0.154667556    
 -0.151283920    
 -0.147813290    
 -0.144260794    
 -0.140631527    
 -0.136930585    
 -0.133163035    
 -0.129333913    
 -0.125448197    
 -0.121510856    
 -0.117526822    
 -0.113500960    
 -0.109438084    
 -0.105342962    
 -0.101220302    
  -9.70747545E-02
  -9.29108933E-02
  -8.87332335E-02
  -8.45462233E-02
  -8.03542212E-02
  -7.61615112E-02
  -7.19723031E-02
  -6.77907169E-02
  -6.36207908E-02
  -5.94664738E-02
  -5.53316250E-02
  -5.12200072E-02
  -4.71352860E-02
  -4.30810452E-02
  -3.90607491E-02
  -3.50777805E-02
  -3.11354101E-02
  -2.72368081E-02
  -2.33850405E-02
  -1.95830762E-02
  -1.58337653E-02
  -1.21398568E-02
  -8.50399211E-03
  -4.92870435E-03
  -1.41641870E-03
   2.03054957E-03
   5.40999509E-03
   8.71982053E-03
   1.19580394E-02
   1.51227750E-02
   1.82122551E-02
   2.12248247E-02
   2.41589285E-02
   2.70131286E-02
   2.97860857E-02
   3.24765705E-02
   3.50834578E-02
   3.76057327E-02
   4.00424786E-02
   4.23928834E-02
   4.46562394E-02
   4.68319356E-02
   4.89194617E-02
   5.09184040E-02
   5.28284460E-02
   5.46493717E-02
   5.63810468E-02
   5.80234379E-02
   5.95766008E-02
   6.10406771E-02
   6.24158978E-02
   6.37025759E-02
   6.49010986E-02
   6.60119504E-02
   6.70356899E-02
   6.79729432E-02
   6.88244104E-02
   6.95908740E-02
   7.02731907E-02
   7.08722621E-02
   7.13890791E-02
   7.18246922E-02
   7.21801966E-02
   7.24567696E-02
   7.26556331E-02
   7.27780610E-02
   7.28253871E-02
   7.27989823E-02
   7.27002844E-02
   7.25307614E-02
   7.22919255E-02
   7.19853342E-02
   7.16125891E-02
   7.11753145E-02
   7.06751645E-02
   7.01138526E-02
   6.94930926E-02
   6.88146278E-02
   6.80802390E-02
   6.72917217E-02
   6.64508939E-02
   6.55595884E-02
   6.46196604E-02
   6.36329725E-02
   6.26014024E-02
   6.15268275E-02
   6.04111440E-02
   5.92562445E-02
   5.80640361E-02
   5.68364114E-02
   5.55752739E-02
   5.42825237E-02
   5.29600531E-02
   5.16097471E-02
   5.02334908E-02
   4.88331467E-02
   4.74105775E-02
   4.59676310E-02
   4.45061289E-02
   4.30278927E-02
   4.15347144E-02
   4.00283709E-02
   3.85106206E-02
   3.69831994E-02
   3.54478136E-02
   3.39061506E-02
   3.23598757E-02
   3.08106169E-02
   2.92599853E-02
   2.77095549E-02
   2.61608716E-02
   2.46154536E-02
   2.30747815E-02
   2.15403102E-02
   2.00134534E-02
   1.84955914E-02
   1.69880744E-02
   1.54922102E-02
   1.40092764E-02
   1.25405090E-02
   1.10871084E-02
   9.65023413E-03
   8.23101029E-03
   6.83052093E-03
   5.44981100E-03
   4.08988446E-03
   2.75170617E-03
   1.43620186E-03
   1.44256279E-04
  -1.12328492E-03
  -2.36562081E-03
  -3.58198583E-03
  -4.77166101E-03
  -5.93396090E-03
  -7.06824288E-03
  -8.17390531E-03
  -9.25038755E-03
  -1.02971643E-02
  -1.13137588E-02
  -1.22997202E-02
  -1.32546499E-02
  -1.41781829E-02
  -1.50699914E-02
  -1.59297846E-02
  -1.67573132E-02
  -1.75523609E-02
  -1.83147490E-02
  -1.90443359E-02
  -1.97410136E-02
  -2.04047188E-02
  -2.10354030E-02
  -2.16330737E-02
  -2.21977532E-02
  -2.27295086E-02
  -2.32284293E-02
  -2.36946419E-02
  -2.41283029E-02
  -2.45295987E-02
  -2.48987377E-02
  -2.52359658E-02
  -2.55415514E-02
  -2.58157887E-02
  -2.60590017E-02
  -2.62715332E-02
  -2.64537558E-02
  -2.66060606E-02
  -2.67288648E-02
  -2.68226080E-02
  -2.68877447E-02
  -2.69247591E-02
  -2.69341469E-02
  -2.69164219E-02
  -2.68721133E-02
  -2.68017724E-02
  -2.67059654E-02
  -2.65852772E-02
  -2.64403000E-02
  -2.62716338E-02
  -2.60799006E-02
  -2.58657299E-02
  -2.56297626E-02
  -2.53726467E-02
  -2.50950456E-02
  -2.47976221E-02
  -2.44810507E-02
  -2.41460130E-02
  -2.37931982E-02
  -2.34232917E-02
  -2.30369903E-02
  -2.26349905E-02
  -2.22179964E-02
  -2.17867047E-02
  -2.13418230E-02
  -2.08840519E-02
  -2.04140916E-02
  -1.99326500E-02
  -1.94404237E-02
  -1.89381093E-02
  -1.84264034E-02
  -1.79059915E-02
  -1.73775628E-02
  -1.68417953E-02
  -1.62993670E-02
  -1.57509446E-02
  -1.51971914E-02
  -1.46387629E-02
  -1.40763074E-02
  -1.35104619E-02
  -1.29418559E-02
  -1.23711117E-02
  -1.17988400E-02
  -1.12256408E-02
  -1.06521063E-02
  -1.00788176E-02
  -9.50634480E-03
  -8.93524289E-03
  -8.36605579E-03
  -7.79931992E-03
  -7.23554939E-03
  -6.67525828E-03
  -6.11893460E-03
  -5.56706265E-03
  -5.02010994E-03
  -4.47852910E-03
  -3.94275971E-03
  -3.41322832E-03
  -2.89034471E-03
  -2.37450376E-03
  -1.86608918E-03
  -1.36546791E-03
  -8.72991979E-04
  -3.89000401E-04
   8.61845911E-05
   5.52253798E-04
   1.00891478E-03
   1.45589001E-03
   1.89291686E-03
   2.31974758E-03
   2.73614936E-03
   3.14190239E-03
   3.53680365E-03
   3.92066501E-03
   4.29331139E-03
   4.65458632E-03
   5.00434265E-03
   5.34244813E-03
   5.66878915E-03
   5.98325953E-03
   6.28576986E-03
   6.57624565E-03
   6.85462728E-03
   7.12086633E-03
   7.37492554E-03
   7.61678442E-03
   7.84642994E-03
   8.06386583E-03
   8.26910697E-03
   8.46217945E-03
   8.64312239E-03
   8.81198421E-03
   8.96882638E-03
   9.11371969E-03
   9.24674794E-03
   9.36799869E-03
   9.47757810E-03
   9.57559887E-03
   9.66218207E-03
   9.73745901E-03
   9.80156753E-03
   9.85465571E-03
   9.89688095E-03
   9.92840808E-03
   9.94940847E-03
   9.96006094E-03
   9.96055081E-03
   9.95107088E-03
   9.93181951E-03
   9.90300067E-03
   9.86482669E-03
   9.81751084E-03
   9.76127665E-03
   9.69634857E-03
   9.62295756E-03
   9.54133924E-03
   9.45173018E-03
   9.35437158E-03
   9.24950838E-03
   9.13738832E-03
   9.01825912E-03
   8.89237598E-03
   8.75999220E-03
   8.62136111E-03
   8.47674534E-03
   8.32640007E-03
   8.17058608E-03
   8.00956227E-03
   7.84358941E-03
   7.67292641E-03
   7.49783404E-03
   7.31857121E-03
   7.13539496E-03
   6.94856234E-03
   6.75833225E-03
   6.56495802E-03
   6.36869110E-03
   6.16978481E-03
   5.96848875E-03
   5.76504692E-03
   5.55970520E-03
   5.35270572E-03
   5.14428690E-03
   4.93468530E-03
   4.72412817E-03
   4.51284833E-03
   4.30107117E-03
   4.08901647E-03
   3.87690216E-03
   3.66494060E-03
   3.45334224E-03
   3.24231014E-03
   3.03204730E-03
   2.82274745E-03
   2.61460058E-03
   2.40779296E-03
   2.20250711E-03
   1.99891813E-03
   1.79719925E-03
   1.59751624E-03
   1.40002929E-03
   1.20489299E-03
   1.01226196E-03
   8.22277740E-04
   6.35080040E-04
   4.50804830E-04
   2.69580632E-04
   9.15285200E-05
  -8.32304358E-05
  -2.54584476E-04
  -4.22427431E-04
  -5.86658716E-04
  -7.47183338E-04
  -9.03911889E-04
  -1.05675869E-03
  -1.20564550E-03
  -1.35049969E-03
  -1.49124861E-03
  -1.62783451E-03
  -1.76019780E-03
  -1.88828446E-03
  -2.01205164E-03
  -2.13145465E-03
  -2.24645808E-03
  -2.35702842E-03
  -2.46314332E-03
  -2.56477669E-03
  -2.66191363E-03
  -2.75454298E-03
  -2.84265913E-03
  -2.92625837E-03
  -3.00534628E-03
  -3.07992473E-03
  -3.15000676E-03
  -3.21560539E-03
  -3.27674299E-03
  -3.33344191E-03
  -3.38573009E-03
  -3.43363918E-03
  -3.47720645E-03
  -3.51646915E-03
  -3.55146825E-03
  -3.58225033E-03
  -3.60886566E-03
  -3.63136455E-03
  -3.64980474E-03
  -3.66424397E-03
  -3.67474556E-03
  -3.68137285E-03
  -3.68419290E-03
  -3.68327461E-03
  -3.67869064E-03
  -3.67051549E-03
  -3.65882553E-03
  -3.64369899E-03
  -3.62521410E-03
  -3.60345654E-03
  -3.57850641E-03
  -3.55045311E-03
  -3.51938233E-03
  -3.48538347E-03
  -3.44854593E-03
  -3.40895727E-03
  -3.36671434E-03
  -3.32190655E-03
  -3.27462889E-03
  -3.22497636E-03
  -3.17304209E-03
  -3.11892107E-03
  -3.06271017E-03
  -3.00450251E-03
  -2.94439681E-03
  -2.88248993E-03
  -2.81887501E-03
  -2.75365077E-03
  -2.68691219E-03
  -2.61875615E-03
  -2.54927576E-03
  -2.47856602E-03
  -2.40672380E-03
  -2.33383849E-03
  -2.26000510E-03
  -2.18531303E-03
  -2.10985355E-03
  -2.03371979E-03
  -1.95699744E-03
  -1.87977590E-03
  -1.80214085E-03
  -1.72418170E-03
