   2.46287230E-02
   4.87721860E-02
   7.24144354E-02
   9.55403298E-02
  0.118135542    
  0.140186578    
  0.161680743    
  0.182606161    
  0.202951774    
  0.222707316    
  0.241863340    
  0.260411203    
  0.278343022    
  0.295651704    
  0.312330961    
  0.328375280    
  0.343779862    
  0.358540714    
  0.372654557    
  0.386118829    
  0.398931712    
  0.411092073    
  0.422599524    
  0.433454305    
  0.443657368    
  0.453210294    
  0.462115347    
  0.470375359    
  0.477993846    
  0.484974861    
  0.491323084    
  0.497043759    
  0.502142668    
  0.506626129    
  0.510500968    
  0.513774574    
  0.516454756    
  0.518549800    
  0.520068467    
  0.521019995    
  0.521413922    
  0.521260262    
  0.520569384    
  0.519352078    
  0.517619371    
  0.515382707    
  0.512653828    
  0.509444714    
  0.505767703    
  0.501635313    
  0.497060299    
  0.492055684    
  0.486634672    
  0.480810672    
  0.474597216    
  0.468008012    
  0.461056918    
  0.453757882    
  0.446124971    
  0.438172311    
  0.429914117    
  0.421364635    
  0.412538171    
  0.403449059    
  0.394111603    
  0.384540111    
  0.374748856    
  0.364752114    
  0.354564071    
  0.344198823    
  0.333670467    
  0.322992921    
  0.312180042    
  0.301245570    
  0.290203094    
  0.279066056    
  0.267847776    
  0.256561399    
  0.245219871    
  0.233835995    
  0.222422346    
  0.210991293    
  0.199555025    
  0.188125476    
  0.176714376    
  0.165333182    
  0.153993145    
  0.142705232    
  0.131480187    
  0.120328449    
  0.109260209    
   9.82853770E-02
   8.74135718E-02
   7.66541436E-02
   6.60161376E-02
   5.55083118E-02
   4.51391265E-02
   3.49167287E-02
   2.48489752E-02
   1.49434106E-02
   5.20727225E-03
  -4.35252022E-03
  -1.37293516E-02
  -2.29169205E-02
  -3.19092423E-02
  -4.07006443E-02
  -4.92857695E-02
  -5.76595739E-02
  -6.58173263E-02
  -7.37546012E-02
  -8.14673007E-02
  -8.89516175E-02
  -9.62040648E-02
 -0.103221454    
 -0.110000901    
 -0.116539828    
 -0.122835949    
 -0.128887266    
 -0.134692088    
 -0.140248999    
 -0.145556867    
 -0.150614843    
 -0.155422360    
 -0.159979105    
 -0.164285034    
 -0.168340370    
 -0.172145590    
 -0.175701424    
 -0.179008842    
 -0.182069048    
 -0.184883490    
 -0.187453836    
 -0.189781979    
 -0.191870034    
 -0.193720311    
 -0.195335343    
 -0.196717843    
 -0.197870716    
 -0.198797062    
 -0.199500144    
 -0.199983403    
 -0.200250447    
 -0.200305030    
 -0.200151056    
 -0.199792579    
 -0.199233800    
 -0.198479027    
 -0.197532699    
 -0.196399361    
 -0.195083693    
 -0.193590462    
 -0.191924527    
 -0.190090850    
 -0.188094452    
 -0.185940430    
 -0.183633968    
 -0.181180298    
 -0.178584710    
 -0.175852552    
 -0.172989190    
 -0.170000046    
 -0.166890562    
 -0.163666219    
 -0.160332486    
 -0.156894863    
 -0.153358847    
 -0.149729952    
 -0.146013662    
 -0.142215461    
 -0.138340816    
 -0.134395167    
 -0.130383924    
 -0.126312464    
 -0.122186139    
 -0.118010238    
 -0.113790020    
 -0.109530687    
 -0.105237380    
 -0.100915179    
  -9.65690985E-02
  -9.22040939E-02
  -8.78250375E-02
  -8.34367350E-02
  -7.90438950E-02
  -7.46511668E-02
  -7.02630877E-02
  -6.58841208E-02
  -6.15186356E-02
  -5.71709014E-02
  -5.28450906E-02
  -4.85452786E-02
  -4.42754328E-02
  -4.00394164E-02
  -3.58409882E-02
  -3.16837989E-02
  -2.75713839E-02
  -2.35071704E-02
  -1.94944683E-02
  -1.55364741E-02
  -1.16362665E-02
  -7.79680815E-03
  -4.02094238E-03
  -3.11394455E-04
   3.32922977E-03
   6.89844508E-03
   1.03938878E-02
   1.38133112E-02
   1.71545930E-02
   2.04157308E-02
   2.35948395E-02
   2.66901571E-02
   2.97000427E-02
   3.26229706E-02
   3.54575366E-02
   3.82024534E-02
   4.08565477E-02
   4.34187688E-02
   4.58881743E-02
   4.82639372E-02
   5.05453460E-02
   5.27318008E-02
   5.48228063E-02
   5.68179786E-02
   5.87170385E-02
   6.05198145E-02
   6.22262359E-02
   6.38363287E-02
   6.53502271E-02
   6.67681620E-02
   6.80904463E-02
   6.93175048E-02
   7.04498366E-02
   7.14880377E-02
   7.24327937E-02
   7.32848644E-02
   7.40450993E-02
   7.47144297E-02
   7.52938539E-02
   7.57844448E-02
   7.61873573E-02
   7.65038133E-02
   7.67351016E-02
   7.68825635E-02
   7.69476220E-02
   7.69317374E-02
   7.68364444E-02
   7.66633227E-02
   7.64139965E-02
   7.60901496E-02
   7.56935105E-02
   7.52258524E-02
   7.46889859E-02
   7.40847513E-02
   7.34150410E-02
   7.26817697E-02
   7.18868747E-02
   7.10323378E-02
   7.01201558E-02
   6.91523552E-02
   6.81309700E-02
   6.70580640E-02
   6.59357011E-02
   6.47659749E-02
   6.35509863E-02
   6.22928329E-02
   6.09936230E-02
   5.96554689E-02
   5.82804866E-02
   5.68707883E-02
   5.54284789E-02
   5.39556630E-02
   5.24544381E-02
   5.09268865E-02
   4.93750833E-02
   4.78010885E-02
   4.62069549E-02
   4.45947014E-02
   4.29663360E-02
   4.13238518E-02
   3.96692120E-02
   3.80043574E-02
   3.63312066E-02
   3.46516445E-02
   3.29675339E-02
   3.12807076E-02
   2.95929555E-02
   2.79060490E-02
   2.62217205E-02
   2.45416630E-02
   2.28675380E-02
   2.12009735E-02
   1.95435509E-02
   1.78968180E-02
   1.62622835E-02
   1.46414116E-02
   1.30356234E-02
   1.14463046E-02
   9.87479277E-03
   8.32238700E-03
   6.79033622E-03
   5.27984835E-03
   3.79208801E-03
   2.32817093E-03
   8.89167306E-04
  -5.23893978E-04
  -1.91003573E-03
  -3.26832477E-03
  -4.59787110E-03
  -5.89783490E-03
  -7.16742175E-03
  -8.40588193E-03
  -9.61251371E-03
  -1.07866619E-02
  -1.19277164E-02
  -1.30351149E-02
  -1.41083347E-02
  -1.51469028E-02
  -1.61503926E-02
  -1.71184167E-02
  -1.80506334E-02
  -1.89467464E-02
  -1.98065042E-02
  -2.06296910E-02
  -2.14161370E-02
  -2.21657138E-02
  -2.28783321E-02
  -2.35539433E-02
  -2.41925381E-02
  -2.47941483E-02
  -2.53588390E-02
  -2.58867163E-02
  -2.63779163E-02
  -2.68326197E-02
  -2.72510331E-02
  -2.76334025E-02
  -2.79800035E-02
  -2.82911453E-02
  -2.85671651E-02
  -2.88084354E-02
  -2.90153529E-02
  -2.91883443E-02
  -2.93278657E-02
  -2.94343960E-02
  -2.95084417E-02
  -2.95505300E-02
  -2.95612160E-02
  -2.95410734E-02
  -2.94907019E-02
  -2.94107143E-02
  -2.93017477E-02
  -2.91644558E-02
  -2.89995093E-02
  -2.88075935E-02
  -2.85894126E-02
  -2.83456855E-02
  -2.80771386E-02
  -2.77845133E-02
  -2.74685640E-02
  -2.71300543E-02
  -2.67697535E-02
  -2.63884421E-02
  -2.59869061E-02
  -2.55659427E-02
  -2.51263492E-02
  -2.46689264E-02
  -2.41944846E-02
  -2.37038285E-02
  -2.31977720E-02
  -2.26771273E-02
  -2.21427083E-02
  -2.15953216E-02
  -2.10357774E-02
  -2.04648841E-02
  -1.98834445E-02
  -1.92922577E-02
  -1.86921190E-02
  -1.80838183E-02
  -1.74681358E-02
  -1.68458465E-02
  -1.62177198E-02
  -1.55845154E-02
  -1.49469832E-02
  -1.43058645E-02
  -1.36618931E-02
  -1.30157853E-02
  -1.23682525E-02
  -1.17199905E-02
  -1.10716866E-02
  -1.04240132E-02
  -9.77762975E-03
  -9.13318247E-03
  -8.49130191E-03
  -7.85260554E-03
  -7.21769454E-03
  -6.58715703E-03
  -5.96156530E-03
  -5.34147350E-03
  -4.72742226E-03
  -4.11993591E-03
  -3.51952133E-03
  -2.92666885E-03
  -2.34184973E-03
  -1.76552078E-03
  -1.19812228E-03
  -6.40073267E-04
  -9.17760772E-05
   4.46380116E-04
   9.74026800E-04
   1.49081391E-03
   1.99640961E-03
   2.49049766E-03
   2.97278166E-03
   3.44298175E-03
   3.90083762E-03
   4.34610527E-03
   4.77855746E-03
   5.19798696E-03
   5.60420053E-03
   5.99702541E-03
   6.37630420E-03
   6.74189720E-03
   7.09367916E-03
   7.43154623E-03
   7.75540620E-03
   8.06518644E-03
   8.36082734E-03
   8.64228699E-03
   8.90953839E-03
   9.16257035E-03
   9.40138660E-03
   9.62600391E-03
   9.83645488E-03
   1.00327861E-02
   1.02150580E-02
   1.03833433E-02
   1.05377277E-02
   1.06783137E-02
   1.08052138E-02
   1.09185502E-02
   1.10184588E-02
   1.11050876E-02
   1.11785941E-02
   1.12391450E-02
   1.12869218E-02
   1.13221118E-02
   1.13449134E-02
   1.13555361E-02
   1.13541977E-02
   1.13411192E-02
   1.13165332E-02
   1.12806810E-02
   1.12338103E-02
   1.11761764E-02
   1.11080389E-02
   1.10296654E-02
   1.09413266E-02
   1.08433012E-02
   1.07358722E-02
   1.06193246E-02
   1.04939500E-02
   1.03600444E-02
   1.02179050E-02
   1.00678317E-02
   9.91012901E-03
   9.74510331E-03
   9.57305916E-03
   9.39430855E-03
   9.20916069E-03
   9.01792850E-03
   8.82092305E-03
   8.61845538E-03
   8.41083750E-03
   8.19837954E-03
   7.98139535E-03
   7.76019273E-03
   7.53507670E-03
   7.30635785E-03
   7.07433792E-03
   6.83931774E-03
   6.60159951E-03
   6.36147754E-03
   6.11924892E-03
   5.87520096E-03
   5.62962191E-03
   5.38279256E-03
   5.13499603E-03
   4.88650519E-03
   4.63759014E-03
   4.38851584E-03
   4.13954211E-03
   3.89092811E-03
   3.64292366E-03
   3.39577557E-03
   3.14972154E-03
   2.90499837E-03
   2.66183517E-03
   2.42045382E-03
   2.18107109E-03
   1.94389524E-03
   1.70913292E-03
   1.47698331E-03
   1.24763651E-03
   1.02127693E-03
   7.98085821E-04
   5.78233099E-04
   3.61886108E-04
   1.49202315E-04
  -5.96667815E-05
  -2.64575647E-04
  -4.65387682E-04
  -6.61967322E-04
  -8.54192825E-04
  -1.04194449E-03
  -1.22511061E-03
  -1.40358775E-03
  -1.57727918E-03
  -1.74609595E-03
  -1.90994958E-03
  -2.06876919E-03
  -2.22247769E-03
  -2.37101456E-03
  -2.51432392E-03
  -2.65235337E-03
  -2.78505613E-03
  -2.91239703E-03
  -3.03434068E-03
  -3.15086427E-03
  -3.26194707E-03
  -3.36757652E-03
  -3.46774561E-03
  -3.56245041E-03
  -3.65169556E-03
  -3.73549224E-03
  -3.81385442E-03
  -3.88680096E-03
  -3.95435886E-03
  -4.01655957E-03
  -4.07343730E-03
  -4.12503304E-03
  -4.17139055E-03
  -4.21255967E-03
  -4.24859533E-03
  -4.27955808E-03
  -4.30550892E-03
  -4.32651397E-03
  -4.34264494E-03
  -4.35397448E-03
  -4.36058082E-03
  -4.36254498E-03
  -4.35995124E-03
  -4.35289042E-03
  -4.34145099E-03
  -4.32572700E-03
  -4.30581532E-03
  -4.28181421E-03
  -4.25382564E-03
  -4.22195205E-03
  -4.18630103E-03
  -4.14697686E-03
  -4.10409039E-03
  -4.05775337E-03
  -4.00807755E-03
  -3.95517610E-03
  -3.89916380E-03
  -3.84015730E-03
  -3.77827440E-03
  -3.71363224E-03
  -3.64634697E-03
  -3.57654085E-03
  -3.50433192E-03
  -3.42983939E-03
  -3.35318386E-03
  -3.27448407E-03
  -3.19386204E-03
  -3.11143650E-03
  -3.02732550E-03
  -2.94164708E-03
  -2.85451976E-03
  -2.76606134E-03
  -2.67638895E-03
  -2.58561736E-03
  -2.49386043E-03
  -2.40123156E-03
  -2.30784481E-03
  -2.21381057E-03
  -2.11923732E-03
  -2.02423334E-03
  -1.92890561E-03
  -1.83335808E-03
  -1.73769507E-03
  -1.64201600E-03
  -1.54642062E-03
  -1.45100779E-03
  -1.35587307E-03
  -1.26110984E-03
  -1.16680958E-03
  -1.07306160E-03
  -9.79950186E-04
  -8.87563219E-04
