   0.00000000    
   2.59022322E-03
   7.71963457E-03
   1.53355207E-02
   2.53835768E-02
   3.78079899E-02
   5.25515303E-02
   6.95556328E-02
   8.87604803E-02
  0.110105090    
  0.133527398    
  0.158964366    
  0.186352029    
  0.215625599    
  0.246719539    
  0.279567659    
  0.314103156    
  0.350258768    
  0.387966782    
  0.427159160    
  0.467767596    
  0.509723604    
  0.552958488    
  0.597403646    
  0.642990410    
  0.689650238    
  0.737314761    
  0.785915792    
  0.835385561    
  0.885656595    
  0.936661839    
  0.988334715    
   1.04060924    
   1.09342003    
   1.14670229    
   1.20039213    
   1.25442624    
   1.30874228    
   1.36327863    
   1.41797471    
   1.47277081    
   1.52760839    
   1.58242977    
   1.63717842    
   1.69179916    
   1.74623764    
   1.80044091    
   1.85435712    
   1.90793586    
   1.96112788    
   2.01388526    
   2.06616139    
   2.11791134    
   2.16909122    
   2.21965837    
   2.26957226    
   2.31879306    
   2.36728287    
   2.41500497    
   2.46192431    
   2.50800729    
   2.55322170    
   2.59753704    
   2.64092398    
   2.68335509    
   2.72480416    
   2.76524663    
   2.80465937    
   2.84302068    
   2.88031054    
   2.91651011    
   2.95160246    
   2.98557186    
   3.01840401    
   3.05008626    
   3.08060718    
   3.10995674    
   3.13812661    
   3.16510940    
   3.19089937    
   3.21549201    
   3.23888445    
   3.26107454    
   3.28206182    
   3.30184722    
   3.32043242    
   3.33782077    
   3.35401630    
   3.36902475    
   3.38285255    
   3.39550757    
   3.40699863    
   3.41733527    
   3.42652869    
   3.43459058    
   3.44153357    
   3.44737148    
   3.45211887    
   3.45579100    
   3.45840430    
   3.45997596    
   3.46052361    
   3.46006584    
   3.45862198    
   3.45621181    
   3.45285583    
   3.44857526    
   3.44339180    
   3.43732762    
   3.43040562    
   3.42264867    
   3.41408062    
   3.40472555    
   3.39460778    
   3.38375187    
   3.37218308    
   3.35992646    
   3.34700775    
   3.33345246    
   3.31928682    
   3.30453682    
   3.28922844    
   3.27338815    
   3.25704217    
   3.24021697    
   3.22293901    
   3.20523453    
   3.18712974    
   3.16865110    
   3.14982462    
   3.13067627    
   3.11123180    
   3.09151721    
   3.07155776    
   3.05137873    
   3.03100491    
   3.01046133    
   2.98977232    
   2.96896219    
   2.94805455    
   2.92707300    
   2.90604067    
   2.88498020    
   2.86391401    
   2.84286404    
   2.82185173    
   2.80089808    
   2.78002381    
   2.75924921    
   2.73859382    
   2.71807671    
   2.69771671    
   2.67753196    
   2.65753984    
   2.63775778    
   2.61820221    
   2.59888935    
   2.57983446    
   2.56105256    
   2.54255795    
   2.52436447    
   2.50648546    
   2.48893356    
   2.47172070    
   2.45485830    
   2.43835759    
   2.42222881    
   2.40648150    
   2.39112520    
   2.37616825    
   2.36161876    
   2.34748435    
   2.33377171    
   2.32048726    
   2.30763674    
   2.29522562    
   2.28325820    
   2.27173877    
   2.26067090    
   2.25005746    
   2.23990130    
   2.23020411    
   2.22096753    
   2.21219254    
   2.20387936    
   2.19602823    
   2.18863869    
   2.18170953    
   2.17523956    
   2.16922688    
   2.16366911    
   2.15856361    
   2.15390706    
   2.14969611    
   2.14592671    
   2.14259458    
   2.13969493    
   2.13722277    
   2.13517261    
   2.13353872    
   2.13231492    
   2.13149500    
   2.13107204    
   2.13103938    
   2.13138962    
   2.13211513    
   2.13320827    
   2.13466096    
   2.13646507    
   2.13861227    
   2.14109373    
   2.14390087    
   2.14702439    
   2.15045547    
   2.15418458    
   2.15820241    
   2.16249943    
   2.16706586    
   2.17189193    
   2.17696786    
   2.18228364    
   2.18782949    
   2.19359517    
   2.19957066    
   2.20574594    
   2.21211076    
   2.21865511    
   2.22536874    
   2.23224163    
   2.23926377    
   2.24642491    
   2.25371504    
   2.26112437    
   2.26864290    
   2.27626061    
   2.28396797    
   2.29175544    
   2.29961324    
   2.30753207    
   2.31550241    
   2.32351518    
   2.33156109    
   2.33963132    
   2.34771705    
   2.35580969    
   2.36390066    
   2.37198162    
   2.38004446    
   2.38808107    
   2.39608359    
   2.40404439    
   2.41195607    
   2.41981125    
   2.42760277    
   2.43532395    
   2.44296789    
   2.45052838    
   2.45799899    
   2.46537352    
   2.47264624    
   2.47981167    
   2.48686433    
   2.49379873    
   2.50061011    
   2.50729394    
   2.51384544    
   2.52026010    
   2.52653408    
   2.53266358    
   2.53864479    
   2.54447436    
   2.55014896    
   2.55566573    
   2.56102180    
   2.56621456    
   2.57124186    
   2.57610154    
   2.58079171    
   2.58531046    
   2.58965659    
   2.59382868    
   2.59782553    
   2.60164642    
   2.60529065    
   2.60875797    
   2.61204767    
   2.61515999    
   2.61809492    
   2.62085271    
   2.62343383    
   2.62583876    
   2.62806845    
   2.63012385    
   2.63200617    
   2.63371658    
   2.63525653    
   2.63662744    
   2.63783121    
   2.63886976    
   2.63974500    
   2.64045906    
   2.64101434    
   2.64141321    
   2.64165807    
   2.64175153    
   2.64169645    
   2.64149547    
   2.64115167    
   2.64066815    
   2.64004779    
   2.63929391    
   2.63840985    
   2.63739896    
   2.63626456    
   2.63501000    
   2.63363910    
   2.63215542    
   2.63056231    
   2.62886381    
   2.62706351    
   2.62516522    
   2.62317252    
   2.62108946    
   2.61891985    
   2.61666751    
   2.61433625    
   2.61193013    
   2.60945296    
   2.60690856    
   2.60430098    
   2.60163403    
   2.59891152    
   2.59613729    
   2.59331536    
   2.59044933    
   2.58754301    
   2.58460045    
   2.58162498    
   2.57862043    
   2.57559061    
   2.57253909    
   2.56946921    
   2.56638479    
   2.56328917    
   2.56018567    
   2.55707788    
   2.55396891    
   2.55086207    
   2.54776049    
   2.54466724    
   2.54158545    
   2.53851819    
   2.53546834    
   2.53243852    
   2.52943182    
   2.52645063    
   2.52349782    
   2.52057576    
   2.51768684    
   2.51483345    
   2.51201797    
   2.50924277    
   2.50650978    
   2.50382090    
   2.50117826    
   2.49858379    
   2.49603915    
   2.49354625    
   2.49110651    
   2.48872161    
   2.48639274    
   2.48412156    
   2.48190928    
   2.47975707    
   2.47766590    
   2.47563696    
   2.47367120    
   2.47176933    
   2.46993208    
   2.46816039    
   2.46645474    
   2.46481562    
   2.46324372    
   2.46173906    
   2.46030211    
   2.45893312    
   2.45763230    
   2.45639968    
   2.45523524    
   2.45413899    
   2.45311069    
   2.45215011    
   2.45125699    
   2.45043111    
   2.44967198    
   2.44897914    
   2.44835210    
   2.44779038    
   2.44729328    
   2.44686007    
   2.44648981    
   2.44618201    
   2.44593573    
   2.44575000    
   2.44562387    
   2.44555664    
   2.44554710    
   2.44559407    
   2.44569659    
   2.44585347    
   2.44606352    
   2.44632554    
   2.44663811    
   2.44700027    
   2.44741058    
   2.44786763    
   2.44837022    
   2.44891691    
   2.44950628    
   2.45013690    
   2.45080757    
   2.45151663    
   2.45226264    
   2.45304418    
   2.45385981    
   2.45470810    
   2.45558739    
   2.45649624    
   2.45743322    
   2.45839691    
   2.45938563    
   2.46039796    
   2.46143246    
   2.46248770    
   2.46356201    
   2.46465397    
   2.46576214    
   2.46688509    
   2.46802139    
   2.46916962    
   2.47032833    
   2.47149634    
   2.47267199    
   2.47385406    
   2.47504115    
   2.47623181    
   2.47742486    
   2.47861910    
   2.47981334    
   2.48100615    
   2.48219633    
   2.48338270    
   2.48456407    
   2.48573947    
   2.48690772    
   2.48806763    
   2.48921824    
   2.49035859    
   2.49148774    
   2.49260449    
   2.49370813    
   2.49479771    
   2.49587226    
   2.49693108    
   2.49797344    
   2.49899840    
   2.50000525    
   2.50099325    
   2.50196171    
   2.50291014    
   2.50383782    
   2.50474429    
   2.50562882    
   2.50649095    
   2.50733042    
   2.50814652    
   2.50893903    
   2.50970745    
   2.51045156    
   2.51117086    
   2.51186514    
   2.51253414    
   2.51317763    
   2.51379561    
   2.51438761    
   2.51495361    
   2.51549363    
   2.51600766    
   2.51649547    
   2.51695704    
   2.51739240    
   2.51780152    
   2.51818466    
   2.51854181    
   2.51887298    
   2.51917839    
   2.51945829    
   2.51971292    
   2.51994228    
   2.52014661    
   2.52032638    
   2.52048182    
   2.52061296    
   2.52072048    
   2.52080441    
   2.52086520    
   2.52090335    
   2.52091908    
   2.52091289    
   2.52088499    
   2.52083611    
   2.52076650    
   2.52067661    
   2.52056694    
   2.52043819    
   2.52029061    
   2.52012467    
   2.51994109    
   2.51974010    
   2.51952243    
   2.51928878    
   2.51903939    
   2.51877499    
   2.51849604    
   2.51820302    
   2.51789665    
   2.51757741    
   2.51724601    
   2.51690292    
   2.51654863    
   2.51618385    
   2.51580930    
   2.51542521    
   2.51503229    
   2.51463127    
   2.51422238    
   2.51380658    
   2.51338410    
   2.51295567    
   2.51252174    
   2.51208305    
   2.51164007    
   2.51119328    
   2.51074314    
   2.51029038    
   2.50983524    
   2.50937843    
   2.50892043    
   2.50846171    
   2.50800300    
   2.50754452    
   2.50708675    
   2.50663018    
   2.50617528    
   2.50572252    
   2.50527215    
   2.50482488    
   2.50438094    
   2.50394058    
   2.50350451    
   2.50307298    
   2.50264621    
   2.50222468    
   2.50180864    
   2.50139856    
   2.50099468    
   2.50059724    
   2.50020671    
   2.49982333    
   2.49944711    
   2.49907851    
   2.49871778    
   2.49836516    
   2.49802089    
   2.49768496    
   2.49735761    
   2.49703932    
   2.49672985    
   2.49642968    
   2.49613881    
   2.49585724    
   2.49558520    
   2.49532294    
   2.49507046    
   2.49482775    
   2.49459481    
   2.49437189    
   2.49415898    
   2.49395609    
   2.49376321    
   2.49358034    
   2.49340773    
   2.49324512    
   2.49309254    
   2.49294996    
   2.49281740    
   2.49269462    
   2.49258184    
   2.49247885    
